000000177254
000000144065
000000527096
000000135139
000000287782
000000280199
000000109837
000000173584
000000266951
000000364137
000000169426
000000078117
000000570430
000000368307
000000509792
000000111121
000000210467
000000501646
000000415561
000000201184
000000508885
000000551686
000000125845
000000308101
000000045648
000000232614
000000255937
000000430455
000000020575
000000317971
000000259346
000000248118
000000468760
000000417814
000000135161
000000439809
000000525027
000000227713
000000188948
000000491835
000000218237
000000357943
000000444722
000000487516
000000561821
000000580913
000000122936
000000074502
000000482382
000000306522
000000368438
000000350799
000000373223
000000559544
000000318570
000000277498
000000274022
000000023369
000000474788
000000212257
000000355991
000000089253
000000155448
000000575490
000000575018
000000000636
000000510861
000000090791
000000288824
000000286119
000000141952
000000575624
000000141874
000000051674
000000016616
000000335650
000000507827
000000389292
000000335189
000000578591
000000568440
000000286001
000000352476
000000078511
000000435814
000000575904
000000008781
000000554778
000000181745
000000293070
000000562590
000000073843
000000177207
000000423744
000000348056
000000262116
000000206705
000000067271
000000412587
000000106401
000000282238
000000054490
000000487450
000000076313
000000297227
000000149783
000000252384
000000329799
000000509518
000000220031
000000016125
000000517453
000000316826
000000027364
000000226545
000000342432
000000563927
000000339634
000000062927
000000125870
000000543038
000000559203
000000408270
000000114515
000000480012
000000569827
000000149555
000000183970
000000562930
000000075841
000000056036
000000509154
000000328185
000000305409
000000008228
000000144018
000000077001
000000465265
000000518030
000000521762
000000513793
000000351783
000000529944
000000252283
000000318594
000000512816
000000160308
000000434069
000000526040
000000576732
000000098854
000000498423
000000277393
000000565699
000000355568
000000224193
000000016038
000000414916
000000564653
000000577875
000000128405
000000568893
000000025902
000000061225
000000565155
000000452198
000000441387
000000554347
000000390569
000000164941
000000152732
000000281997
000000227891
000000553346
000000025412
000000419979
000000079247
000000052637
000000190391
000000572110
000000064733
000000427165
000000439386
000000509864
000000496907
000000191570
000000276721
000000006847
000000161635
000000045335
000000352660
000000190991
000000066866
000000459281
000000388988
000000062128
000000343108
000000512156
000000004032
000000155388
000000468457
000000250802
000000299672
000000076431
000000166477
000000336449
000000037789
000000506416
000000530433
000000424091
000000105179
000000200583
000000551358
000000518377
000000565518
000000236085
000000405062
000000041340
000000135800
000000379734
000000253834
000000421804
000000119547
000000353136
000000236010
000000539719
000000372795
000000158017
000000037394
000000224793
000000544220
000000384424
000000097172
000000393303
000000578016
000000432704
000000307980
000000040729
000000310807
000000124122
000000306926
000000446322
000000193712
000000299443
000000416320
000000370836
000000169217
000000244361
000000400298
000000283996
000000407737
000000244978
000000312137
000000221915
000000448413
000000260456
000000455040
000000348251
000000269051
000000472907
000000484604
000000526927
000000227042
000000213146
000000163273
000000490110
000000562592
000000501835
000000013355
000000458430
000000272250
000000102319
000000485752
000000340491
000000318645
000000559024
000000100972
000000123382
000000090374
000000330065
000000454898
000000045240
000000300745
000000368515
000000307196
000000205362
000000366811
000000227186
000000491453
000000261664
000000341049
000000030345
000000254225
000000029472
000000203131
000000138351
000000460813
000000197997
000000213557
000000336172
000000318240
000000511666
000000176592
000000423005
000000302767
000000111573
000000398872
000000561190
000000127586
000000472296
000000575837
000000413245
000000474668
000000220366
000000353407
000000243955
000000024061
000000463055
000000024107
000000102171
000000435328
000000483328
000000108326
000000520858
000000121769
000000375729
000000564646
000000132520
000000331885
000000485984
000000057697
000000551647
000000080040
000000171665
000000006520
000000152530
000000390671
000000015269
000000116149
000000060305
000000150040
000000500871
000000567990
000000315411
000000420861
000000343153
000000237350
000000070652
000000013892
000000350748
000000285257
000000080654
000000174304
000000044404
000000284160
000000314626
000000531645
000000337453
000000365271
000000008436
000000571196
000000091113
000000104221
000000346621
000000072993
000000393909
000000090708
000000458932
000000310753
000000509009
000000356845
000000237994
000000168329
000000493066
000000000589
000000134328
000000172398
000000233384
000000024880
000000181014
000000233970
000000161414
000000460343
000000048825
000000094145
000000313502
000000563275
000000248363
000000537124
000000051100
000000332853
000000113630
000000117838
000000011188
000000103818
000000517464
000000168811
000000525183
000000054598
000000058335
000000450355
000000401308
000000008493
000000520860
000000347274
000000012070
000000413923
000000141453
000000149755
000000183390
000000257615
000000463613
000000378894
000000338342
000000090387
000000088652
000000032948
000000021397
000000020781
000000564020
000000141994
000000445893
000000022193
000000196205
000000502055
000000372311
000000305368
000000422729
000000446136
000000505039
000000201550
000000115128
000000456658
000000521311
000000071124
000000351976
000000564270
000000240950
000000373440
000000028038
000000398158
000000412575
000000071015
000000442819
000000047502
000000482298
000000487718
000000490097
000000363191
000000053423
000000053929
000000329004
000000409581
000000471515
000000215524
000000030954
000000567219
000000030589
000000462345
000000424102
000000200213
000000468161
000000050096
000000370790
000000202774
000000481874
000000572171
000000232025
000000344857
000000197492
000000354075
000000295773
000000171819
000000428975
000000575055
000000109515
000000423541
000000241838
000000286016
000000013198
000000234839
000000357944
000000321603
000000057481
000000178870
000000434016
000000208778
000000535668
000000189919
000000526953
000000214266
000000271763
000000283896
000000445143
000000495022
000000060170
000000485139
000000101862
000000199017
000000442667
000000350706
000000397678
000000275496
000000055585
000000348371
000000010881
000000086696
000000522464
000000382278
000000172673
000000054664
000000251255
000000435681
000000001451
000000405527
000000499672
000000414659
000000451184
000000352523
000000039779
000000288955
000000411223
000000539937
000000141002
000000143120
000000168185
000000442348
000000064551
000000329245
000000000853
000000555365
000000312143
000000479762
000000147736
000000507520
000000475566
000000493741
000000065280
000000354824
000000553503
000000431707
000000412076
000000195391
000000097822
000000240147
000000232503
000000560997
000000045680
000000094609
000000121582
000000179011
000000406244
000000257959
000000458412
000000356586
000000190776
000000338787
000000130971
000000195911
000000169495
000000077137
000000055608
000000448801
000000085045
000000078361
000000148240
000000152360
000000295076
000000505092
000000263758
000000482197
000000278977
000000027517
000000525698
000000397094
000000183735
000000383185
000000443139
000000366569
000000277710
000000381599
000000462330
000000033240
000000554273
000000283129
000000493468
000000295853
000000350068
000000397454
000000156073
000000191675
000000533805
000000183114
000000014265
000000344096
000000124236
000000256366
000000483992
000000256903
000000090501
000000018111
000000259557
000000405400
000000526570
000000239064
000000282113
000000556205
000000292751
000000578521
000000006026
000000404984
000000498061
000000466054
000000302960
000000171012
000000351489
000000543616
000000542938
000000369598
000000096106
000000568863
000000160393
000000561156
000000077769
000000239208
000000355950
000000455358
000000408008
000000216905
000000050238
000000304625
000000430244
000000494208
000000180919
000000108429
000000289318
000000355539
000000019901
000000150374
000000354955
000000037748
000000397064
000000445443
000000235316
000000438926
000000309366
000000264647
000000196584
000000004312
000000099311
000000180721
000000158051
000000012614
000000339227
000000270391
000000412442
000000511324
000000091612
000000114677
000000378736
000000149862
000000112574
000000150559
000000410912
000000466852
000000535455
000000506056
000000074835
000000188520
000000313644
000000114288
000000328729
000000493552
000000537376
000000335241
000000308576
000000382441
000000079912
000000416697
000000272100
000000400642
000000061133
000000378962
000000292459
000000231029
000000310523
000000432174
000000162275
000000290875
000000285068
000000575675
000000119441
000000556025
000000089051
000000492349
000000327155
000000382374
000000274776
000000195444
000000390864
000000388852
000000568952
000000376416
000000534876
000000296706
000000290332
000000223243
000000147506
000000134113
000000447328
000000449197
000000487696
000000115793
000000260654
000000154892
000000353197
000000321382
000000471895
000000552636
000000300047
000000032724
000000012875
000000496829
000000362683
000000072986
000000529968
000000256565
000000502361
000000166358
000000420692
000000025529
000000205134
000000390278
000000156739
000000251937
000000196817
000000440694
000000285628
000000115069
000000090935
000000281779
000000299325
000000409621
000000431627
000000276006
000000245145
000000291478
000000251938
000000408799
000000285299
000000504561
000000575628
000000238212
000000562241
000000499155
000000203798
000000095297
000000579623
000000370689
000000550391
000000110618
000000065334
000000275316
000000059892
000000040348
000000135256
000000353993
000000281652
000000283748
000000495992
000000117770
000000546864
000000342932
000000110855
000000553935
000000469389
000000232218
000000405675
000000024319
000000565932
000000244478
000000361799
000000011323
000000378968
000000308350
000000006783
000000568879
000000178587
000000387206
000000505333
000000338991
000000206044
000000011968
000000092217
000000285612
000000242592
000000226461
000000528020
000000246434
000000546690
000000088768
000000116434
000000273268
000000280596
000000075006
000000275173
000000366577
000000419483
000000252411
000000316499
000000024207
000000288813
000000215391
000000112129
000000150546
000000441062
000000473103
000000075552
000000330435
000000201907
000000348950
000000186888
000000216194
000000470970
000000113142
000000535514
000000508192
000000006041
000000482731
000000028230
000000384235
000000064098
000000278171
000000144305
000000198352
000000111525
000000041666
000000317555
000000432273
000000126536
000000569706
000000107787
000000333824
000000542402
000000290719
000000215462
000000553224
000000044544
000000142454
000000382453
000000415619
000000326898
000000409850
000000048737
000000022072
000000288890
000000117205
000000496256
000000237851
000000406226
000000309005
000000072315
000000579232
000000144599
000000267825
000000105115
000000011107
000000444270
000000103865
000000317431
000000368196
000000249953
000000173680
000000374916
000000457114
000000246456
000000296385
000000109971
000000157279
000000493209
000000450774
000000274232
000000111244
000000568418
000000191095
000000377278
000000132768
000000321550
000000353994
000000106275
000000159831
000000430230
000000268516
000000318365
000000269054
000000028420
000000046753
000000416652
000000015097
000000200489
000000139258
000000111760
000000238589
000000077473
000000025628
000000573105
000000565884
000000571160
000000064824
000000288383
000000154931
000000429591
000000041366
000000422855
000000435405
000000300454
000000472521
000000153882
000000203177
000000137320
000000099349
000000032872
000000120743
000000309195
000000113700
000000503421
000000395598
000000018233
000000474356
000000367549
000000569484
000000397455
000000255459
000000456345
000000391603
000000043851
000000194564
000000288847
000000580274
000000571805
000000532286
000000237628
000000035413
000000405223
000000381106
000000195559
000000531014
000000314515
000000548619
000000481290
000000572495
000000097170
000000413539
000000349393
000000133298
000000517161
000000572840
000000274888
000000413164
000000361905
000000477179
000000419834
000000311385
000000010614
000000145614
000000021212
000000233040
000000510385
000000139889
000000183379
000000139120
000000380350
000000448117
000000258315
000000091378
000000394793
000000313727
000000064054
000000177896
000000507927
000000549201
000000163436
000000416476
000000525050
000000236155
000000560463
000000492566
000000164348
000000304596
000000496151
000000548662
000000262873
000000103730
000000022004
000000298261
000000367710
000000573360
000000306407
000000479068
000000301885
000000139665
000000452269
000000448695
000000513381
000000313617
000000050403
000000149470
000000287858
000000554743
000000563659
000000564825
000000523400
000000434142
000000387044
000000258040
000000093272
000000492352
000000366839
000000310693
000000195837
000000514662
000000374308
000000543350
000000128905
000000035672
000000302243
000000071727
000000220082
000000251816
000000362547
000000566762
000000458204
000000385962
000000317022
000000202557
000000308156
000000324977
000000549450
000000438527
000000267176
000000411291
000000151583
000000338094
000000084712
000000574633
000000085491
000000032375
000000122939
000000361693
000000217071
000000399456
000000181030
000000060362
000000097892
000000324252
000000293587
000000555920
000000520781
000000257928
000000247319
000000278293
000000354019
000000575713
000000094865
000000299768
000000371256
000000349486
000000547293
000000335433
000000369840
000000184835
000000569550
000000256662
000000052222
000000417159
000000299527
000000074415
000000329486
000000244428
000000069914
000000287400
000000274266
000000018467
000000350961
000000230104
000000298316
000000564072
000000296651
000000438301
000000271992
000000487555
000000174504
000000185444
000000341917
000000060140
000000292663
000000541705
000000198658
000000107072
000000194531
000000085291
000000381027
000000005018
000000231614
000000480344
000000484434
000000204899
000000358043
000000423734
000000525721
000000323483
000000552990
000000370383
000000076680
000000465414
000000173783
000000017316
000000136653
000000272743
000000250084
000000436695
000000000113
000000024682
000000103498
000000375226
000000069290
000000238203
000000036273
000000328862
000000390769
000000449657
000000361670
000000251230
000000370121
000000447109
000000341421
000000003103
000000237214
000000304919
000000092679
000000395742
000000028714
000000256690
000000321107
000000012460
000000567037
000000260791
000000348822
000000519203
000000322007
000000324605
000000579258
000000131696
000000070421
000000460737
000000058577
000000468604
000000351608
000000524637
000000280765
000000305600
000000291841
000000185193
000000469293
000000445111
000000426083
000000222467
000000260382
000000401826
000000117191
000000121745
000000323093
000000200946
000000483182
000000492261
000000118968
000000193246
000000254104
000000233327
000000335887
000000026371
000000388042
000000484180
000000453565
000000379630
000000574178
000000388768
000000440217
000000402298
000000316093
000000155578
000000317019
000000412641
000000054363
000000312785
000000028676
000000238062
000000412174
000000457229
000000467157
000000212429
000000278710
000000424246
000000006599
000000291990
000000259964
000000496431
000000374051
000000338200
000000093789
000000302055
000000221474
000000063540
000000059170
000000064621
000000079513
000000222309
000000147838
000000217271
000000198247
000000106677
000000114729
000000434527
000000035228
000000429033
000000238001
000000051181
000000541171
000000126265
000000128942
000000461597
000000173239
000000181359
000000058927
000000295958
000000135508
000000409570
000000105786
000000010799
000000465601
000000459214
000000498137
000000387666
000000190338
000000346112
000000162892
000000281431
000000160996
000000015274
000000174632
000000260167
000000522727
000000378723
000000015744
000000273893
000000558342
000000029504
000000534292
000000567082
000000168016
000000029341
000000322239
000000208956
000000565513
000000410229
000000356181
000000384395
000000260696
000000089582
000000429038
000000415971
000000021232
000000437393
000000007852
000000507287
000000202629
000000558690
000000229398
000000005669
000000499913
000000423718
000000355767
000000088162
000000543210
000000225558
000000565875
000000005344
000000142483
000000212438
000000130065
000000429693
000000540347
000000058079
000000466586
000000314189
000000387599
000000378911
000000519398
000000543713
000000118173
000000140042
000000379713
000000300260
000000076709
000000244712
000000564938
000000145497
000000011719
000000550597
000000270769
000000267259
000000198977
000000459487
000000363671
000000112800
000000461172
000000257020
000000568309
000000283965
000000005700
000000001176
000000013364
000000564599
000000038046
000000042931
000000468891
000000003867
000000009615
000000298008
000000322090
000000321633
000000477516
000000523250
000000402332
000000162829
000000402082
000000020671
000000274724
000000539951
000000295850
000000570573
000000339100
000000456044
000000039760
000000542814
000000341277
000000471508
000000332182
000000363541
000000003314
000000482659
000000272440
000000492107
000000094975
000000436662
000000251789
000000363298
000000377111
000000276408
000000059952
000000520208
000000120466
000000267182
000000231534
000000435573
000000299045
000000467130
000000190921
000000382413
000000135671
000000569599
000000409624
000000151965
000000308263
000000489419
000000379607
000000507249
000000036544
000000080614
000000565665
000000047492
000000270326
000000137703
000000427091
000000496578
000000011576
000000103558
000000533743
000000097806
000000315504
000000445639
000000444373
000000542662
000000241904
000000331577
000000348767
000000040912
000000562247
000000273677
000000528667
000000428231
000000537097
000000408789
000000006004
000000355857
000000567454
000000382287
000000011260
000000541113
000000529494
000000234501
000000076155
000000013482
000000547041
000000150164
000000491742
000000076176
000000572937
000000448034
000000057744
000000532188
000000483142
000000265766
000000563053
000000547039
000000505663
000000357044
000000456761
000000455882
000000232779
000000212643
000000063698
000000033742
000000349203
000000169134
000000184485
000000484651
000000535510
000000468393
000000271092
000000423620
000000321325
000000524694
000000054755
000000289388
000000020273
000000168022
000000445505
000000338704
000000216072
000000040971
000000554360
000000382058
000000009677
000000516998
000000097974
000000129314
000000539167
000000528800
000000040498
000000276381
000000567730
000000514230
000000579156
000000443179
000000505876
000000125998
000000555848
000000169527
000000190381
000000106875
000000006996
000000051310
000000417151
000000157202
000000107881
000000185634
000000474430
000000060982
000000202389
000000201151
000000271924
000000183469
000000247826
000000129699
000000351818
000000229184
000000540146
000000300170
000000265950
000000461983
000000107212
000000071434
000000480226
000000533291
000000269511
000000064314
000000090964
000000270605
000000249259
000000097733
000000101785
000000329939
000000155974
000000093391
000000543347
000000165587
000000194700
000000062865
000000117774
000000238238
000000438221
000000460208
000000398450
000000307364
000000386821
000000179017
000000521427
000000239047
000000438496
000000156282
000000380557
000000522195
000000401312
000000480843
000000091149
000000238989
000000569989
000000217832
000000116988
000000201260
000000075723
000000283403
000000345833
000000320115
000000161242
000000044151
000000405762
000000169233
000000021614
000000171179
000000158326
000000148344
000000413011
000000288683
000000402184
000000361382
000000243910
000000388066
000000288472
000000267502
000000422176
000000260883
000000145587
000000469220
000000011238
000000081143
000000384981
000000327918
000000139291
000000098143
000000254033
000000209040
000000539214
000000346699
000000567179
000000368024
000000161603
000000297180
000000206628
000000458540
000000341725
000000474373
000000446521
000000128461
000000517795
000000463969
000000466942
000000422959
000000387007
000000046211
000000019608
000000574349
000000367400
000000521982
000000419828
000000381492
000000519676
000000553997
000000078061
000000335697
000000265464
000000362712
000000488940
000000390374
000000155877
000000146582
000000248017
000000157822
000000228611
000000051800
000000524155
000000265594
000000560635
000000373540
000000498438
000000094501
000000253395
000000218119
000000142646
000000175541
000000043190
000000410687
000000248839
000000051898
000000241408
000000525899
000000470004
000000470621
000000102793
000000074328
000000164287
000000048383
000000164423
000000121340
000000113649
000000325215
000000092353
000000509587
000000230238
000000188858
000000061389
000000348648
000000500228
000000029622
000000196524
000000017282
000000241551
000000046512
000000186145
000000174930
000000172911
000000360208
000000437485
000000349282
000000227706
000000147076
000000578786
000000567858
000000106557
000000019558
000000031738
000000409510
000000354631
000000365310
000000486320
000000290938
000000409239
000000146986
000000485473
000000483823
000000431456
000000554863
000000341309
000000151566
000000421384
000000569079
000000528906
000000501696
000000339985
000000358982
000000040989
000000525179
000000096765
000000545832
000000178951
000000231148
000000136158
000000077563
000000567000
000000211609
000000494671
000000147131
000000397325
000000299205
000000258141
000000183844
000000434148
000000027564
000000337638
000000350518
000000012059
000000560481
000000575441
000000314277
000000410772
000000091796
000000419333
000000232548
000000172930
000000008066
000000520679
000000570013
000000102076
000000298382
000000286166
000000355779
000000324866
000000067686
000000404545
000000172574
000000276124
000000393108
000000094121
000000507547
000000204746
000000352507
000000273658
000000091416
000000225562
000000127214
000000387352
000000022118
000000142337
000000515020
000000035160
000000342377
000000531047
000000255550
000000528604
000000455210
000000391367
000000532234
000000124132
000000236316
000000436605
000000478148
000000171351
000000207886
000000324626
000000387598
000000435553
000000334410
000000283382
000000000009
000000059692
000000370831
000000274134
000000465074
000000333152
000000058139
000000196406
000000028868
000000407146
000000127775
000000023094
000000568557
000000219329
000000278060
000000237542
000000354424
000000436504
000000297187
000000337232
000000143439
000000274934
000000454174
000000371648
000000462588
000000525438
000000081084
000000404899
000000433763
000000561339
000000474004
000000077902
000000518907
000000202855
000000431504
000000134538
000000194726
000000096241
000000041842
000000384793
000000265398
000000561746
000000573430
000000067222
000000572737
000000097568
000000039553
000000562092
000000245409
000000347483
000000289352
000000256950
000000253266
000000566174
000000348469
000000477154
000000315672
000000058864
000000172387
000000047813
000000349964
000000027977
000000063403
000000078798
000000518365
000000137366
000000116123
000000247086
000000342550
000000300965
000000006531
000000101832
000000264992
000000478052
000000136145
000000089906
000000553660
000000243028
000000132499
000000014954
000000150769
000000073022
000000136664
000000291256
000000267123
000000472166
000000424633
000000243657
000000352061
000000041199
000000474012
000000532753
000000476773
000000046538
000000492395
000000035489
000000362301
000000443479
000000097200
000000470411
000000377973
000000106671
000000201019
000000350722
000000015117
000000067838
000000360069
000000332690
000000239757
000000270852
000000059679
000000220042
000000126833
000000026576
000000365359
000000297989
000000260580
000000241860
000000376679
000000028942
000000118748
000000564609
000000417674
000000044911
000000256560
000000498809
000000315517
000000382041
000000202128
000000020450
000000309633
000000312985
000000197605
000000027163
000000508516
000000429371
000000302568
000000208379
000000437958
000000263278
000000105867
000000501293
000000023024
000000038277
000000344415
000000430523
000000082836
000000186626
000000193122
000000083490
000000254609
000000392839
000000414022
000000101090
000000072898
000000354608
000000460458
000000313156
000000481098
000000253072
000000505010
000000570810
000000221948
000000373591
000000265096
000000414137
000000143528
000000016964
000000482069
000000176697
000000349588
000000538798
000000280340
000000089481
000000402742
000000054351
000000194885
000000256028
000000261870
000000309881
000000143661
000000068359
000000018450
000000365997
000000072969
000000252596
000000439859
000000549617
000000089898
000000435713
000000063873
000000467973
000000459347
000000491508
000000372303
000000227741
000000107962
000000015794
000000183740
000000002093
000000536960
000000079193
000000060448
000000094570
000000212382
000000234928
000000455369
000000091372
000000238029
000000072177
000000220041
000000341905
000000342998
000000336257
000000210591
000000528527
000000561062
000000158810
000000315902
000000546494
000000270379
000000561677
000000166560
000000470912
000000267457
000000455770
000000168282
000000167115
000000336629
000000516244
000000390975
000000445014
000000226801
000000055849
000000371735
000000269503
000000147615
000000318740
000000276945
000000158140
000000358642
000000445046
000000431342
000000016606
000000359546
000000441608
000000053131
000000402757
000000198759
000000287872
000000474168
000000345987
000000417962
000000334713
000000406755
000000546292
000000173644
000000536964
000000561308
000000058405
000000421069
000000544638
000000267598
000000566188
000000238189
000000578775
000000301537
000000479315
000000462792
000000386540
000000205391
000000207634
000000496064
000000150024
000000170411
000000303069
000000053123
000000405862
000000230817
000000560359
000000224778
000000129085
000000287519
000000031202
000000047739
000000231945
000000271972
000000412525
000000145502
000000057491
000000110484
000000536949
000000274036
000000302543
000000056187
000000199039
000000242036
000000361685
000000122584
000000386872
000000163054
000000410066
000000269015
000000017938
000000117026
000000511906
000000209147
000000182969
000000542678
000000183319
000000485113
000000169389
000000195211
000000435456
000000383680
000000568461
000000525344
000000149365
000000181122
000000455632
000000408705
000000486215
000000053569
000000146963
000000418270
000000097406
000000273645
000000244487
000000171241
000000075423
000000156709
000000321389
000000128516
000000187929
000000391896
000000127136
000000426414
000000481009
000000552866
000000489263
000000227689
000000166840
000000222753
000000472130
000000246064
000000564317
000000164512
000000476701
000000430157
000000152197
000000172087
000000448439
000000036207
000000395293
000000563015
000000338370
000000404854
000000513507
000000311811
000000505949
000000300712
000000297789
000000107565
000000251777
000000060155
000000138604
000000519631
000000569801
000000314907
000000433911
000000310479
000000504968
000000018781
000000455565
000000143637
000000071313
000000441772
000000097023
000000363190
000000461841
000000563951
000000454253
000000427727
000000178485
000000024815
000000043555
000000070791
000000415540
000000239613
000000363460
000000231846
000000322024
000000554815
000000283388
000000418282
000000448399
000000161854
000000481838
000000193707
000000352807
000000420827
000000371848
000000093262
000000326719
000000387301
000000465595
000000360991
000000331250
000000055536
000000324937
000000181697
000000057796
000000343012
000000520674
000000052631
000000378214
000000312216
000000416907
000000388677
000000505862
000000227487
000000168289
000000527082
000000353398
000000454693
000000097529
000000390439
000000090433
000000232627
000000239396
000000012418
000000395555
000000097659
000000028535
000000178317
000000056116
000000015809
000000300324
000000144334
000000060526
000000020251
000000137564
000000280951
000000005151
000000390518
000000132668
000000187368
000000288156
000000132297
000000054160
000000060320
000000325371
000000440554
000000195529
000000363455
000000471785
000000326770
000000266496
000000172248
000000088286
000000240093
000000072258
000000211850
000000227474
000000445723
000000162728
000000031470
000000036618
000000097032
000000248956
000000315916
000000370380
000000533978
000000223119
000000093400
000000184905
000000458594
000000408292
000000126671
000000551125
000000341011
000000084667
000000263002
000000091451
000000299712
000000068867
000000251072
000000405622
000000412431
000000217471
000000333891
000000510063
000000242212
000000029358
000000452013
000000313047
000000447911
000000089651
000000426595
000000364234
000000581097
000000516771
000000502288
000000526680
000000197296
000000099856
000000514338
000000193855
000000136595
000000429741
000000408576
000000259542
000000294545
000000513917
000000306584
000000509601
000000576025
000000122724
000000538963
000000448839
000000358070
000000139285
000000146865
000000079802
000000085004
000000073446
000000262715
000000401534
000000228580
000000471497
000000438909
000000014756
000000095482
000000118690
000000322507
000000390773
000000424333
000000048893
000000368424
000000021747
000000285897
000000484964
000000362739
000000122605
000000205911
000000054632
000000352671
000000359838
000000493760
000000153307
000000167342
000000117918
000000108113
000000395497
000000290403
000000305103
000000292887
000000372634
000000027902
000000173208
000000289883
000000441480
000000319855
000000289833
000000112988
000000546791
000000383846
000000509364
000000241919
000000348625
000000242721
000000549907
000000015745
000000521361
000000167968
000000501004
000000125291
000000321860
000000360948
000000456037
000000423778
000000476397
000000322822
000000352739
000000240543
000000170172
000000029601
000000560366
000000399154
000000308735
000000145056
000000458724
000000092377
000000391828
000000425933
000000532710
000000036950
000000236176
000000290174
000000202806
000000135475
000000308590
000000429960
000000209534
000000384337
000000370417
000000112783
000000397734
000000227003
000000431521
000000399432
000000375637
000000014357
000000147278
000000278535
000000444036
000000393075
000000014159
000000280540
000000212198
000000341455
000000032575
000000112137
000000491242
000000488965
000000026292
000000221966
000000540193
000000459147
000000239448
000000113144
000000166624
000000272647
000000028194
000000144251
000000480666
000000330439
000000365623
000000435145
000000022708
000000141538
000000498601
000000570760
000000517758
000000389036
000000556910
000000536458
000000016525
000000142100
000000390341
000000467738
000000196917
000000496018
000000321846
000000276218
000000072664
000000185328
000000349483
000000287369
000000064015
000000558619
000000466885
000000236759
000000037864
000000571548
000000321132
000000394244
000000405177
000000515424
000000389458
000000473676
000000371222
000000477016
000000418808
000000528112
000000176157
000000127054
000000472700
000000508354
000000388157
000000510962
000000420402
000000194701
000000458650
000000079642
000000309753
000000235233
000000337653
000000070527
000000467096
000000197175
000000554982
000000489114
000000443347
000000094124
000000541973
000000479101
000000123330
000000020904
000000036397
000000228647
000000218716
000000488373
000000136552
000000271235
000000537671
000000283264
000000300738
000000318564
000000503534
000000202129
000000307499
000000129433
000000389207
000000119244
000000106498
000000300330
000000248518
000000482929
000000529454
000000265303
000000183806
000000003242
000000466392
000000391725
000000260264
000000487861
000000192236
000000516263
000000429935
000000492040
000000053958
000000379784
000000136181
000000304459
000000467872
000000405582
000000119751
000000451651
000000529017
000000474817
000000500693
000000086750
000000322905
000000247037
000000463611
000000260977
000000189359
000000035571
000000039464
000000482515
000000374431
000000522489
000000263734
000000125652
000000455847
000000274602
000000565571
000000116255
000000099417
000000551896
000000155107
000000247126
000000167855
000000519974
000000447769
000000247404
000000372087
000000543233
000000022462
000000420344
000000211397
000000560238
000000364027
000000323936
000000290423
000000419015
000000511406
000000474208
000000136310
000000261077
000000153561
000000134594
000000138075
000000382670
000000173484
000000153321
000000138585
000000535770
000000124627
000000141711
000000138100
000000146786
000000295999
000000551633
000000404620
000000298777
000000325666
000000114230
000000332863
000000255827
000000454644
000000538533
000000419062
000000510245
000000353790
000000514249
000000138486
000000300811
000000116656
000000005237
000000174470
000000316505
000000237881
000000166489
000000394681
000000436759
000000140347
000000450592
000000308512
000000135163
000000098480
000000346589
000000573796
000000458721
000000391304
000000107918
000000161287
000000314008
000000492055
000000174698
000000094360
000000260882
000000548278
000000340102
000000461868
000000523114
000000451024
000000486936
000000131460
000000045942
000000536781
000000558784
000000130171
000000069572
000000063397
000000096901
000000432234
000000329762
000000153567
000000299773
000000276849
000000105904
000000409921
000000256601
000000396688
000000273102
000000292375
000000505113
000000168453
000000149356
000000347972
000000235006
000000131007
000000226211
000000518177
000000480890
000000076648
000000435343
000000272800
000000457860
000000140634
000000546041
000000518455
000000493435
000000032464
000000107527
000000425032
000000218931
000000279476
000000094610
000000195696
000000195598
000000563411
000000227265
000000537280
000000530261
000000389844
000000249543
000000201916
000000299000
000000494341
000000492627
000000315611
000000097682
000000449839
000000017311
000000323448
000000193407
000000172406
000000523007
000000201134
000000509415
000000103804
000000414733
000000468858
000000376434
000000542202
000000505791
000000006432
000000414106
000000547738
000000389480
000000227599
000000206395
000000502963
000000157371
000000248478
000000118150
000000152492
000000085685
000000151842
000000106772
000000011195
000000451683
000000392601
000000388512
000000286162
000000211002
000000357470
000000045281
000000032289
000000061588
000000410981
000000527972
000000247333
000000193751
000000011313
000000536416
000000085865
000000352502
000000047886
000000511724
000000155319
000000542694
000000153207
000000108602
000000470072
000000194034
000000001145
000000314704
000000021198
000000059987
000000402235
000000208256
000000557402
000000364135
000000223764
000000135785
000000581899
000000125244
000000390157
000000095018
000000223857
000000191667
000000308527
000000377342
000000013731
000000121731
000000535089
000000117701
000000267831
000000422268
000000054849
000000053977
000000296471
000000477946
000000465676
000000579920
000000418575
000000024779
000000518298
000000397587
000000065530
000000136734
000000463825
000000145606
000000487491
000000417693
000000082940
000000489400
000000154037
000000072708
000000326610
000000079113
000000405461
000000085288
000000120335
000000281900
000000512786
000000058849
000000566704
000000365206
000000232275
000000035008
000000129781
000000104452
000000073019
000000142246
000000419996
000000272653
000000142761
000000030408
000000305746
000000339670
000000024231
000000156102
000000019239
000000378970
000000132626
000000573931
000000492354
000000579602
000000304218
000000328427
000000142977
000000097646
000000438919
000000219567
000000262171
000000185965
000000479198
000000550780
000000077931
000000042804
000000401499
000000422152
000000451623
000000003480
000000303026
000000274474
000000572000
000000389466
000000112836
000000541510
000000469559
000000448053
000000146774
000000497097
000000239580
000000003860
000000502852
000000460694
000000065942
000000356213
000000548822
000000578023
000000235751
000000471153
000000412566
000000162760
000000347876
000000312199
000000345288
000000002964
000000014644
000000362363
000000419310
000000008562
000000077681
000000089411
000000223499
000000272481
000000505546
000000245392
000000314904
000000354539
000000504101
000000197759
000000556719
000000414750
000000457086
000000091160
000000242897
000000228300
000000178771
000000418175
000000218580
000000081001
000000009286
000000003771
000000123071
000000486770
000000524611
000000118378
000000429762
000000139983
000000476904
000000307866
000000154955
000000310156
000000038775
000000458836
000000418409
000000231991
000000269287
000000190199
000000366470
000000118889
000000162688
000000456696
000000511133
000000443057
000000174842
000000221891
000000183953
000000041097
000000475184
000000188416
000000570410
000000379158
000000333167
000000423984
000000121682
000000252373
000000287659
000000244367
000000102885
000000087064
000000453421
000000345155
000000472463
000000264091
000000505768
000000108739
000000416159
000000333181
000000334936
000000340422
000000571584
000000452274
000000043353
000000099269
000000172553
000000446265
000000078490
000000486300
000000212945
000000153634
000000480268
000000111820
000000343999
000000173776
000000514800
000000211336
000000130706
000000276064
000000412681
000000068158
000000318780
000000555803
000000279182
000000362898
000000513449
000000310788
000000373641
000000103881
000000460665
000000143401
000000209662
000000205214
000000298468
000000445597
000000288347
000000507424
000000463702
000000313246
000000050232
000000257632
000000318677
000000499634
000000503068
000000561124
000000469644
000000183617
000000151733
000000320336
000000398225
000000508151
000000580461
000000232894
000000235147
000000408806
000000031653
000000390914
000000152406
000000064411
000000569958
000000190550
000000483893
000000161013
000000398428
000000103332
000000350303
000000429293
000000382630
000000237597
000000299601
000000456782
000000064339
000000168698
000000039472
000000137004
000000040071
000000415828
000000387244
000000438492
000000411653
000000479094
000000207554
000000064744
000000453132
000000298350
000000183360
000000054091
000000104621
000000271829
000000316343
000000547639
000000290215
000000258119
000000282069
000000260321
000000107903
000000230548
000000369776
000000292188
000000289497
000000054401
000000479469
000000134285
000000420754
000000084363
000000490624
000000089849
000000557081
000000516623
000000483573
000000564865
000000530620
000000101959
000000221882
000000016764
000000073260
000000387597
000000143792
000000544713
000000301549
000000577939
000000271505
000000220176
000000272040
000000427909
000000517629
000000008676
000000288975
000000051040
000000558764
000000250223
000000479683
000000224622
000000026320
000000289754
000000059462
000000096298
000000409646
000000376398
000000477664
000000087363
000000111124
000000113598
000000121678
000000363827
000000551288
000000379766
000000549910
000000021571
000000231415
000000047882
000000023584
000000450543
000000200457
000000537701
000000497791
000000086020
000000014526
000000290285
000000194727
000000095191
000000166822
000000376084
000000381163
000000353653
000000081107
000000171176
000000452342
000000189810
000000459935
000000258834
000000541813
000000069003
000000258399
000000480317
000000581582
000000016183
000000442097
000000248830
000000538848
000000064890
000000108200
000000056544
000000195798
000000475325
000000533517
000000415659
000000571791
000000247484
000000010743
000000371514
000000215565
000000061599
000000250106
000000225225
000000266353
000000535952
000000358724
000000323853
000000160089
000000442312
000000015198
000000186075
000000236484
000000481723
000000064897
000000320872
000000337452
000000016744
000000172568
000000518163
000000427399
000000159554
000000331667
000000409022
000000015268
000000023677
000000192834
000000125617
000000277461
000000538741
000000461535
000000391857
000000530636
000000142774
000000172995
000000000670
000000324730
000000000514
000000333842
000000061946
000000420926
000000571149
000000220449
000000185291
000000545310
000000075607
000000428375
000000182620
000000477216
000000340036
000000324496
000000276961
000000299343
000000123184
000000176330
000000234153
000000334610
000000156100
000000330959
000000502183
000000391324
000000289482
000000152273
000000038850
000000404172
000000214421
000000319458
000000465174
000000280976
000000019523
000000342325
000000137918
000000223348
000000452663
000000566837
000000229866
000000132405
000000120129
000000151077
000000241867
000000524233
000000314265
000000462486
000000423445
000000027901
000000132430
000000459826
000000442268
000000311082
000000505082
000000515186
000000223146
000000054182
000000193021
000000420210
000000545370
000000264282
000000271383
000000023343
000000495567
000000142767
000000325369
000000060040
000000086243
000000452441
000000556613
000000386074
000000019929
000000489346
000000456895
000000456433
000000008027
000000324682
000000099933
000000082475
000000428046
000000370748
000000412487
000000274352
000000315663
000000336171
000000262519
000000183646
000000103539
000000186550
000000014662
000000569062
000000436392
000000097311
000000095770
000000420634
000000570917
000000262239
000000023084
000000014562
000000174005
000000302071
000000528030
000000355000
000000456505
000000463771
000000376493
000000163332
000000134144
000000053838
000000213426
000000322089
000000533129
000000285733
000000556698
000000538814
000000455879
000000121920
000000537860
000000158466
000000202914
000000406807
000000362999
000000439676
000000406268
000000009317
000000100959
000000496783
000000206042
000000316605
000000060179
000000030871
000000182799
000000112362
000000503227
000000478778
000000209745
000000403145
000000036477
000000102096
000000324616
000000345535
000000329667
000000261696
000000530154
000000070718
000000342109
000000172091
000000485822
000000262541
000000038350
000000186944
000000002154
000000419028
000000375688
000000211725
000000325768
000000118450
000000324037
000000317331
000000525424
000000013714
000000482251
000000480990
000000425036
000000195124
000000518518
000000142537
000000437597
000000064842
000000196075
000000535113
000000410739
000000163514
000000368645
000000114132
000000533979
000000439251
000000079641
000000126956
000000378090
000000073927
000000156487
000000553780
000000171353
000000429159
000000368873
000000139108
000000255950
000000150267
000000218759
000000516866
000000488880
000000391627
000000049851
000000402407
000000509820
000000008581
000000175798
000000439400
000000212803
000000081296
000000515924
000000232383
000000219407
000000260901
000000313648
000000104888
000000401269
000000436653
000000203433
000000360317
000000466960
000000534335
000000299200
000000032711
000000020485
000000326311
000000573655
000000482675
000000537543
000000393915
000000409369
000000295159
000000439633
000000517089
000000501864
000000344276
000000393037
000000294763
000000031734
000000106874
000000046508
000000119505
000000359471
000000108991
000000043719
000000037062
000000011091
000000172404
000000099119
000000218215
000000120021
000000371046
000000475839
000000063325
000000228552
000000412350
000000406199
000000509087
000000000716
000000268725
000000027626
000000276975
000000065901
000000421599
000000261066
000000406932
000000278843
000000486503
000000009381
000000312878
000000193540
000000451248
000000540723
000000101966
000000238685
000000320600
000000286671
000000185467
000000534419
000000156126
000000407405
000000493386
000000164901
000000288131
000000436246
000000248007
000000246746
000000138092
000000190705
000000329793
000000495956
000000251405
000000569234
000000572353
000000094676
000000469134
000000238839
000000334714
000000347362
000000559427
000000374258
000000426686
000000313091
000000268583
000000031777
000000273503
000000261575
000000159662
000000347407
000000501118
000000474556
000000053064
000000011720
000000563762
000000008958
000000001563
000000522807
000000161083
000000015918
000000185759
000000067463
000000014536
000000453369
000000418348
000000261702
000000170579
000000030289
000000186060
000000293703
000000067798
000000062038
000000523923
000000064010
000000545056
000000137330
000000261758
000000475734
000000472881
000000351539
000000371245
000000092761
000000245953
000000564418
000000183448
000000229132
000000288733
000000184230
000000407192
000000042870
000000555267
000000295945
000000207995
000000322762
000000358211
000000028109
000000353543
000000477434
000000535682
000000451407
000000119773
000000457943
000000043892
000000495310
000000168557
000000432017
000000132571
000000062622
000000311304
000000423096
000000091155
000000034808
000000274286
000000556886
000000365582
000000110348
000000559952
000000138164
000000411751
000000321071
000000244206
000000181173
000000495997
000000022683
000000200181
000000205352
000000426915
000000126595
000000423267
000000478055
000000417753
000000217486
000000320667
000000087398
000000074942
000000279391
000000424171
000000260893
000000048905
000000130120
000000157052
000000241803
000000050757
000000203836
000000566607
000000007023
000000076476
000000279596
000000151247
000000058569
000000455333
000000152702
000000522579
000000492817
000000531752
000000008176
000000482802
000000530875
000000440358
000000275709
000000546918
000000448529
000000287234
000000352412
000000295032
000000475567
000000338228
000000282354
000000113967
000000325389
000000154324
000000031016
000000293671
000000342011
000000022797
000000003779
000000504540
000000225505
000000063857
000000160771
000000121938
000000581795
000000513867
000000213276
000000390915
000000431185
000000226571
000000086763
000000526166
000000459164
000000174677
000000351033
000000027298
000000397375
000000231851
000000235991
000000394334
000000164955
000000395291
000000527897
000000356107
000000522622
000000137833
000000486834
000000535948
000000526486
000000366704
000000577083
000000065509
000000028317
000000011673
000000119596
000000454044
000000491017
000000258285
000000106003
000000127495
000000504108
000000527640
000000479563
000000127823
000000235176
000000051899
000000410680
000000358086
000000555358
000000519713
000000142002
000000443957
000000132303
000000338531
000000351384
000000159561
000000054870
000000036004
000000303520
000000357586
000000078003
000000430175
000000222029
000000101491
000000562632
000000286751
000000295688
000000580344
000000253442
000000371376
000000106145
000000433236
000000474396
000000116579
000000009993
000000346388
000000007558
000000541950
000000224414
000000411748
000000405278
000000064392
000000123017
000000431240
000000358289
000000207803
000000367626
000000554524
000000260618
000000563658
000000400569
000000184578
000000400274
000000232094
000000162322
000000333492
000000565203
000000137256
000000029323
000000043206
000000329105
000000365170
000000078871
000000165267
000000294535
000000163755
000000468487
000000125524
000000264375
000000464871
000000073527
000000204375
000000132527
000000007522
000000097427
000000335326
000000443640
000000521292
000000190018
000000232701
000000155117
000000407072
000000072000
000000269920
000000002400
000000167870
000000236057
000000090351
000000364525
000000495269
000000371841
000000369221
000000091154
000000375130
000000066499
000000239331
000000579457
000000042463
000000277003
000000151334
000000216449
000000428440
000000214316
000000325786
000000525636
000000487456
000000145208
000000572978
000000350457
000000361942
000000266240
000000374505
000000078290
000000558365
000000516641
000000240830
000000472034
000000157577
000000182612
000000236661
000000143516