000000539326
000000436349
000000153931
000000244816
000000382263
000000326531
000000546702
000000023501
000000058731
000000071215
000000432762
000000475711
000000462401
000000257632
000000445433
000000218459
000000383893
000000151733
000000535766
000000487018
000000044432
000000428686
000000157036
000000352980
000000105936
000000491453
000000302467
000000133532
000000262508
000000125160
000000461340
000000472472
000000223751
000000431241
000000268400
000000376843
000000338427
000000538596
000000132993
000000037401
000000310808
000000298799
000000465625
000000178637
000000298008
000000295480
000000002402
000000103642
000000049445
000000379211
000000210580
000000177011
000000156503
000000149250
000000130538
000000182403
000000310416
000000292009
000000093793
000000265646
000000385194
000000575355
000000322478
000000451219
000000114414
000000068381
000000570115
000000287578
000000366795
000000575391
000000292688
000000265051
000000029085
000000541478
000000056509
000000472749
000000281564
000000052250
000000265315
000000055567
000000433667
000000506311
000000041840
000000360540
000000219904
000000447087
000000263779
000000218405
000000267055
000000080406
000000323374
000000108589
000000297204
000000217323
000000509588
000000477491
000000156963
000000138789
000000532625
000000365164
000000139758
000000089027
000000081966
000000482472
000000291477
000000222305
000000188606
000000278260
000000133990
000000500646
000000391170
000000229388
000000008066
000000232723
000000038858
000000431597
000000528764
000000308905
000000008055
000000152436
000000102862
000000184211
000000392683
000000362079
000000495756
000000435109
000000376393
000000378055
000000398289
000000490437
000000338224
000000413044
000000537349
000000501059
000000469467
000000187156
000000188787
000000336129
000000020334
000000349934
000000416625
000000189391
000000001622
000000367804
000000116503
000000090516
000000426849
000000528516
000000385339
000000052543
000000411695
000000547742
000000407509
000000313733
000000298372
000000239196
000000371950
000000349559
000000564682
000000112536
000000113977
000000256903
000000208955
000000497259
000000171179
000000097734
000000253838
000000501995
000000032655
000000483794
000000409862
000000243090
000000034855
000000081605
000000032458
000000565951
000000114424
000000353148
000000310843
000000349154
000000449238
000000399269
000000464430
000000161823
000000508750
000000195180
000000064474
000000462134
000000281678
000000237064
000000545329
000000335085
000000449879
000000126563
000000313553
000000439465
000000157184
000000117131
000000205460
000000112996
000000228664
000000053275
000000375321
000000318723
000000197584
000000247925
000000391651
000000286018
000000432174
000000156809
000000386847
000000353124
000000015107
000000512458
000000518287
000000244671
000000105689
000000259755
000000196715
000000273378
000000559470
000000132306
000000287574
000000139355
000000007167
000000448064
000000008190
000000204775
000000014337
000000446075
000000085338
000000527338
000000569591
000000253773
000000557556
000000002470
000000055559
000000516823
000000507516
000000251474
000000377570
000000003751
000000327623
000000282293
000000577520
000000132094
000000402172
000000486580
000000478287
000000272673
000000410023
000000281625
000000356456
000000368564
000000407387
000000064264
000000438346
000000171729
000000460413
000000005210
000000394245
000000218302
000000154847
000000022816
000000469870
000000023121
000000309454
000000252604
000000504733
000000490860
000000053150
000000422469
000000330932
000000552142
000000500890
000000462984
000000470770
000000133874
000000042944
000000542338
000000492325
000000275316
000000058524
000000051808
000000275102
000000268192
000000072229
000000075110
000000355697
000000171467
000000474439
000000220156
000000320533
000000503906
000000569722
000000415269
000000441480
000000580681
000000288099
000000528080
000000428973
000000413757
000000468405
000000513237
000000104046
000000539975
000000068183
000000116588
000000138644
000000223636
000000191803
000000293514
000000164348
000000450340
000000411187
000000471913
000000499423
000000300981
000000096111
000000260883
000000262175
000000207513
000000264733
000000430345
000000296030
000000551227
000000097777
000000252342
000000085372
000000473196
000000220224
000000064681
000000027902
000000117182
000000199363
000000459659
000000083174
000000203653
000000096030
000000370868
000000239611
000000063446
000000200231
000000530630
000000540265
000000321508
000000057481
000000269946
000000003637
000000498915
000000571215
000000358706
000000476417
000000047905
000000481981
000000245425
000000325693
000000472796
000000196571
000000507536
000000175908
000000535457
000000283960
000000365206
000000469242
000000083670
000000570483
000000478009
000000543618
000000089949
000000314126
000000486471
000000401515
000000374340
000000327819
000000447089
000000537918
000000370426
000000576322
000000560784
000000378029
000000092335
000000343606
000000393086
000000339512
000000031893
000000478537
000000127304
000000158038
000000415770
000000181815
000000492974
000000407522
000000332832
000000121361
000000003514
000000191310
000000420573
000000146646
000000474963
000000359085
000000273369
000000090888
000000235038
000000227928
000000563257
000000254304
000000383866
000000302680
000000422657
000000542573
000000495055
000000378657
000000268406
000000383733
000000334416
000000505994
000000001205
000000234424
000000535902
000000003464
000000282444
000000302924
000000545364
000000063121
000000062324
000000043227
000000062581
000000234501
000000011360
000000491850
000000194419
000000312269
000000519827
000000527961
000000560532
000000462536
000000117407
000000104885
000000161885
000000029579
000000424002
000000515040
000000173948
000000203081
000000434423
000000022979
000000008458
000000309791
000000559586
000000118181
000000348076
000000519429
000000296584
000000118724
000000126931
000000383660
000000265449
000000083878
000000283152
000000211725
000000567342
000000191280