000000419798
000000242734
000000561582
000000535424
000000559403
000000408923
000000424303
000000270034
000000574944
000000457286
000000096845
000000572349
000000527228
000000566771
000000043494
000000114286
000000497969
000000439770
000000443601
000000031255
000000267115
000000519768
000000236184
000000403515
000000445517
000000063399
000000495374
000000554037
000000164491
000000370831
000000227245
000000149197
000000453885
000000386796
000000259809
000000334867
000000426675
000000201732
000000258725
000000364139
000000290718
000000322848
000000512206
000000374453
000000127170
000000170754
000000218183
000000144539
000000288472
000000332485
000000390895
000000148366
000000319848
000000285808
000000337726
000000462676
000000160037
000000310214
000000026448
000000462801
000000083872
000000159151
000000469134
000000224190
000000006262
000000213008
000000535651
000000373731
000000503647
000000254392
000000431481
000000507769
000000419860
000000490016
000000045586
000000136129
000000206587
000000530293
000000529541
000000307186
000000287331
000000332316
000000250680
000000420287
000000114194
000000135592
000000174964
000000023541
000000205846
000000457324
000000441874
000000153578
000000304950
000000182112
000000517723
000000029473
000000567278
000000505927
000000476936
000000270753
000000136700
000000525424
000000242465
000000082894
000000302528
000000493873
000000110078
000000193108
000000337895
000000476975
000000335975
000000475407
000000335859
000000559840
000000387105
000000137779
000000481002
000000156104
000000443204
000000441841
000000307768
000000230190
000000310070
000000561648
000000401820
000000224805
000000058861
000000282957
000000205769
000000329942
000000299325
000000547137
000000377467
000000309418
000000391891
000000357443
000000251629
000000057828
000000238902
000000383470
000000323056
000000211843
000000466719
000000229315
000000578766
000000476589
000000158947
000000355650
000000013876
000000124731
000000058134
000000476463
000000197609
000000518814
000000566060
000000030163
000000520112
000000216805
000000516263
000000441539
000000303116
000000425292
000000401551
000000286813
000000493424
000000144049
000000375376
000000529383
000000283269
000000425135
000000140974
000000009018
000000174304
000000035008
000000571236
000000271638
000000196112
000000168890
000000463557
000000237831
000000218674
000000214453
000000421630
000000162300
000000453452
000000052760
000000045721
000000519939
000000005486
000000270326
000000004972
000000131388
000000200455
000000037986
000000014961
000000533548
000000178994
000000151892
000000013574
000000235591
000000256055
000000086139
000000135959
000000117368
000000093832
000000571690
000000442813
000000485742
000000034231
000000037186
000000411243
000000357113
000000487450
000000072702
000000174901
000000465579
000000027975
000000475808
000000339382
000000190002
000000403854
000000097754
000000370252
000000031329
000000178307
000000512166
000000197236
000000405483
000000445603
000000286998
000000474031
000000379578
000000380274
000000517460
000000515107
000000577718
000000347121
000000291321
000000138134
000000136836
000000203891
000000288769
000000496401
000000578990
000000081081
000000064001
000000191188
000000321448
000000091154
000000035532
000000203602
000000349919
000000088652
000000430850
000000030401
000000331616
000000341815
000000077399
000000195649
000000530417
000000432339
000000236438
000000090983
000000435451
000000387792
000000442857
000000424172
000000272160
000000155993
000000301970
000000433951
000000079495
000000069568
000000118929
000000293819
000000539571
000000428267
000000159168
000000252084
000000440246
000000321432
000000386684
000000512916
000000459853
000000072895
000000581873
000000477097
000000256589
000000410915
000000498383
000000300966
000000509555
000000157181
000000251195
000000085462
000000400603
000000017057
000000336257
000000000471
000000311240
000000381368
000000127007
000000010430
000000225041
000000325781
000000524763
000000109858
000000002896
000000140623
000000360185
000000413929
000000398525
000000204542
000000493791
000000215803
000000134801
000000066877
000000082480
000000075590
000000493471
000000094119
000000500594
000000511972
000000122388
000000267160
000000536855
000000283471
000000373128
000000269664
000000253171
000000038274
000000392108
000000363826
000000480831
000000023786
000000462424
000000570693
000000154359
000000074081
000000437604
000000477922
000000328676
000000127100
000000171850
000000530811
000000343159
000000183022
000000148771
000000412390
000000048870
000000249246
000000517394
000000252807
000000435012
000000306644
000000224364
000000011364
000000040085
000000552291
000000097580
000000138095
000000167956
000000010395
000000434279
000000516224
000000177860
000000440532
000000066085
000000578714
000000265810
000000369647
000000033733
000000169547
000000261863
000000005502
000000385108
000000576218
000000473060
000000072177
000000200146
000000305427
000000052147
000000080168
000000574635
000000202928
000000309081
000000260990
000000460646
000000376608
000000250599
000000449879
000000543171
000000335153
000000410815
000000298699
000000365027
000000564726
000000033057
000000024259
000000397734
000000502564
000000404403
000000405278
000000573536
000000354832
000000576756
000000301753
000000193881
000000140918
000000243158
000000147545
000000351166
000000278095
000000091411
000000371633
000000405945
000000509255
000000491872
000000398373
000000073434
000000390213
000000467131
000000529840
000000202321
000000449942
000000012614
000000293822
000000332869
000000160773
000000219855
000000508412
000000317479
000000347653
000000456554
000000244965
000000581466
000000510293
000000148462
000000285421
000000278375
000000058057
000000318039
000000132328
000000460901
000000489838
000000153279
000000581218
000000056119
000000194550
000000524048
000000543480
000000033992
000000565572
000000118478
000000543713
000000036598
000000440871
000000493991
000000018874
000000160860
000000214009
000000346752
000000026643
000000549508
000000219619
000000008836
000000413918
000000542472
000000118507
000000084131
000000103114
000000155450
000000386809
000000428288
000000508969
000000236138
000000485696
000000095873
000000240755
000000500018
000000155138
000000514698
000000443349
000000156756
000000344003
000000428178
000000247839
000000139686
000000466575
000000144365
000000077980
000000016963
000000301670
000000458606
000000436780
000000369369
000000399939
000000225175
000000247712
000000013121
000000562174
000000493365
000000082372
000000418804
000000103818
000000065400
000000274298
000000345831
000000282365
000000069553
000000377649
000000423243
000000393836
000000325590
000000461744
000000331686
000000266557
000000214634
000000321642
000000234672
000000517080
000000044860
000000081961
000000547592
000000134327
000000141343
000000275494
000000104544
000000307869
000000199956
000000121556
000000082947
000000573546
000000148458
000000370400
000000376017
000000386304
000000233873
000000516106
000000228166
000000185328
000000543922
000000181628
000000411188
000000392841
000000322362
000000478120
000000559062
000000467250
000000037905
000000201425
000000342633
000000026432
000000145140
000000303738
000000544002
000000268787
000000141785
000000349486
000000135135
000000452814
000000411475
000000039814
000000461217
000000120376
000000539098
000000435583
000000005425
000000218012
000000529016
000000311337
000000325221
000000130122
000000480793
000000317310
000000322143
000000381875
000000034824
000000431553
000000371256
000000368970
000000080948
000000361991
000000152327
000000373294
000000298154
000000577051
000000199492
000000287512
000000130745
000000082484
000000075458
000000560332
000000298034
000000542699
000000044277
000000295537
000000326937
000000362090
000000180541
000000118837
000000133298
000000395293
000000352496
000000367321
000000469996
000000182126
000000423529
000000411750
000000308715
000000086552
000000008093
000000288906
000000333868
000000498427
000000578094
000000152525
000000290708
000000308436
000000295759
000000288673
000000078380
000000577939
000000206170
000000136668
000000056638
000000249813
000000268370
000000576430
000000361620
000000243287
000000199969
000000323149
000000262213
000000026733
000000118743
000000551418
000000542960
000000424219
000000410319
000000371773
000000247082
000000304095
000000280007
000000489944
000000373424
000000082704
000000090884
000000095805
000000380797
000000510559
000000435042
000000147369
000000572789
000000170130
000000426149
000000276460
000000165063
000000277821
000000336811
000000325548
000000188509
000000336987
000000186181
000000234691
000000006107
000000528098
000000020046
000000282835
000000090676
000000348989
000000329462
000000068821
000000466196
000000427518
000000281210
000000147775
000000174145
000000267112
000000348580
000000052846
000000232840
000000110937
000000310989
000000060576
000000260039
000000088803
000000117916
000000564911
000000321209
000000000036
000000512217
000000140943
000000178171
000000147270
000000509815
000000195975
000000453802
000000560009
000000395425
000000380733
000000496541
000000086217
000000227048
000000325080
000000545016
000000528358
000000263875
000000276467
000000141342
000000195300
000000347389
000000313812
000000122896
000000161935
000000546787
000000178121
000000016606
000000198037
000000003613
000000197809
000000089892
000000175288
000000100583
000000424220
000000215582
000000574009
000000173570
000000546052
000000202652
000000540162
000000324778
000000517326
000000300615
000000136217
000000274632
000000354258
000000068646
000000030588
000000289460
000000122028
000000272738
000000549580
000000111223
000000568398
000000061683
000000369941
000000116334
000000088576
000000107481
000000064557
000000013789
000000550144
000000009797
000000121575
000000494855
000000404283
000000263355
000000360555
000000571648
000000291117
000000017602
000000311326
000000090225
000000347238
000000449392
000000053595
000000458664
000000476620
000000410808
000000492057
000000562622
000000483179
000000069929
000000296629
000000562291
000000552549
000000307873
000000075719
000000068667
000000265114
000000366021
000000005608
000000127240
000000249599
000000122913
000000014396
000000195903
000000257544
000000023699
000000238881
000000311561
000000314855
000000252844
000000279947
000000188225
000000174386
000000043210
000000124297
000000441008
000000292498
000000363514
000000578368
000000042279
000000059997
000000382104
000000536039
000000412490
000000181745
000000398649
000000178957
000000152474
000000468977
000000443769
000000379360
000000463458
000000039464
000000574541
000000323615
000000440484
000000131225
000000369516
000000406805
000000353186
000000058483
000000021811
000000402938
000000252277
000000423842
000000026371
000000517161
000000089174
000000367468
000000190792
000000063619
000000086229
000000478175
000000165945
000000153847
000000070687
000000085101
000000099988
000000369979
000000528962
000000323155
000000202131
000000159424
000000384957
000000050179
000000010309
000000039504
000000353216
000000563178
000000496281
000000368468
000000349552
000000119750
000000364090
000000408623
000000184477
000000449134
000000449781
000000059383
000000024038
000000391406
000000553827
000000448825
000000394089
000000331395
000000066087
000000389490
000000160926
000000045282
000000376802
000000460730
000000250167
000000508006
000000258344
000000041146
000000046847
000000261945
000000511739
000000073929
000000326111
000000136900
000000073694
000000078106
000000321897
000000174019
000000192994
000000189741
000000342874
000000416811
000000309002
000000034377
000000034167
000000294639
000000539453
000000223451
000000296281
000000492731
000000140243
000000253883
000000137609
000000526608
000000272889
000000557896
000000002664
000000167095
000000093139
000000491833
000000341781
000000204448
000000560850
000000354824
000000334480
000000174305
000000534300
000000126631
000000175052
000000570013
000000474054
000000545370
000000157502
000000473195
000000010929
000000281578
000000386964
000000293428
000000393710
000000275466
000000101183
000000313846
000000473676
000000168377
000000282027
000000068163
000000297819
000000525012
000000232654
000000082138
000000153697
000000212053
000000170765
000000477243
000000047611
000000233830
000000011655
000000322307
000000310732
000000423423
000000125920
000000566482
000000306595
000000353720
000000270009
000000286525
000000061803
000000231835
000000040926
000000579906
000000058464
000000171733
000000283615
000000261633
000000272882
000000151722
000000192894
000000502847
000000231998
000000330922
000000391839
000000487011
000000005111
000000090498
000000183676
000000402362
000000496392
000000561082
000000209922
000000527631
000000530686
000000122231
000000204556
000000231037
000000428011
000000328917
000000327255
000000545877
000000364487
000000161006
000000349817
000000564153
000000196672
000000010290
000000364416
000000320386
000000044509
000000097672
000000531404
000000170519
000000511988
000000279696
000000035995
000000143870
000000048257
000000094052
000000198178
000000340674
000000315467
000000292739
000000524247
000000475369
000000391397
000000580631
000000357044
000000292769
000000574130
000000568426
000000502558
000000294283
000000210989
000000446984
000000149604
000000159309
000000102532
000000263270
000000155083
000000197278
000000020711
000000315524
000000209345
000000334301
000000196815
000000378901
000000444764
000000216241
000000106909
000000344555
000000484762
000000043678
000000573374
000000308047
000000570128
000000581683
000000506555
000000451392
000000210702
000000224537
000000424837
000000508041
000000421457
000000052978
000000278662
000000073999
000000581196
000000043697
000000073239
000000099040
000000200477
000000292537
000000174893
000000466974
000000428329
000000089804
000000075057
000000135086
000000007758
000000356403
000000188660
000000148502
000000072927
000000472582
000000219313
000000451283
000000007414
000000110437
000000073016
000000283632
000000152004
000000362284
000000343599
000000136394
000000448839
000000015474
000000134306
000000137717
000000447701
000000424464
000000365220
000000001089
000000034645
000000157657
000000175821
000000034961
000000047804
000000150754
000000452439
000000027070
000000263246
000000574141
000000572401
000000233366
000000579937
000000541706
000000224217
000000383787
000000558286
000000013296
000000429593
000000148761
000000089093
000000231768
000000155515
000000545253
000000151254
000000466346
000000233119
000000020031
000000390656
000000105884
000000050563
000000396642
000000362696
000000348675
000000241341
000000070829
000000322695
000000047654
000000473842
000000456286
000000142744
000000561406
000000564799
000000551464
000000379784
000000007205
000000475580
000000045359
000000278226
000000109848
000000458810
000000187036
000000157991
000000233426
000000204640
000000202748
000000185820
000000034828
000000029154
000000200946
000000395491
000000078737
000000481318
000000402170
000000006773
000000422354
000000539575
000000212840
000000382620
000000016757
000000236567
000000108130
000000007159
000000171601
000000042499
000000189772
000000577213
000000202199
000000014281
000000435026
000000383372
000000543515
000000280951
000000315793
000000275374
000000554439
000000069878
000000101697
000000351430
000000116336
000000453895
000000539376
000000417672
000000551227
000000276871
000000365677
000000155285
000000387833
000000415680
000000151267
000000341015
000000350851
000000577073
000000133867
000000194184
000000277225
000000009462
000000573286
000000224289
000000109513
000000401981
000000015496
000000435533
000000317070
000000507615
000000341006
000000484279
000000092346
000000089062
000000513260
000000484091
000000054614
000000095726
000000337833
000000137288
000000517737
000000137315
000000512938
000000299676
000000448689
000000538822
000000151159
000000125348
000000557686
000000454514
000000378486
000000016343
000000120644
000000396754
000000418699
000000486203
000000004396
000000173833
000000451836
000000012014
000000081779
000000384983
000000387666
000000029776
000000361905
000000096638
000000490366
000000150875
000000349947
000000024428
000000469435
000000064148
000000503707
000000112865
000000576939
000000156466
000000489145
000000099996
000000566166
000000088956
000000295647
000000446650
000000115274
000000180267
000000338954
000000483899
000000368676
000000137552
000000566357
000000241155
000000275219
000000406230
000000066297
000000182367
000000531020
000000432120
000000416372
000000508004
000000546569
000000464183
000000564163
000000339499
000000146053
000000118745
000000140776
000000458891
000000360238
000000331096
000000403864
000000302513
000000412855
000000139987
000000031798
000000321150
000000448099
000000025401
000000570483
000000121110
000000278988
000000424271
000000345117
000000485926
000000130222
000000555073
000000370899
000000171180
000000101479
000000370305
000000147600
000000536168
000000167621
000000268390
000000173798
000000456773
000000424171
000000191096
000000057719
000000317659
000000219445
000000560222
000000407812
000000349868
000000026051
000000057390
000000069768
000000395598
000000064760
000000341900
000000227226
000000351734
000000205866
000000077650
000000516598
000000055859
000000143653
000000157385
000000205916
000000425266
000000406033
000000291066
000000366115
000000065855
000000356648
000000228746
000000445076
000000375840
000000468713
000000317061
000000464692
000000012349
000000199594
000000197629
000000111322
000000424304
000000549754
000000536006
000000241882
000000287781
000000194043
000000101594
000000136170
000000311251
000000341061
000000271177
000000412749
000000456788
000000288649
000000102654
000000368274
000000187963
000000163933
000000389184
000000172727
000000085798
000000393031
000000389608
000000516827
000000345937
000000273466
000000573930
000000136360
000000013482
000000536977
000000215889
000000080713
000000460732
000000529544
000000012810
000000030247
000000080385
000000351157
000000385633
000000347596
000000319747
000000470068
000000413852
000000134948
000000292467
000000300428
000000315923
000000210221
000000415538
000000404302
000000550009
000000253887
000000090477
000000499733
000000314877
000000097431
000000491525
000000193193
000000532164
000000034115
000000464923
000000340354
000000192905
000000450324
000000293570
000000196047
000000390806
000000224010
000000018358
000000520195
000000281108
000000056161
000000220111
000000065533
000000486320
000000223497
000000189239
000000566491
000000252738
000000553209
000000481298
000000338098
000000179727
000000490112
000000314027
000000516380
000000509394
000000297495
000000209935
000000346821
000000550134
000000400504
000000522778
000000297126
000000364701
000000334470
000000012386
000000129436
000000498510
000000020912
000000316526
000000180285
000000190915
000000243478
000000463114
000000430702
000000523989
000000014990
000000412641
000000293121
000000094011
000000337551
000000024154
000000570874
000000178749
000000401136
000000208560
000000042085
000000540544
000000431779
000000118154
000000223875
000000044446
000000072007
000000033572
000000178789
000000552149
000000131084
000000024133
000000374253
000000449019
000000203388
000000433279
000000395718
000000553077
000000209859
000000505965
000000456942
000000399499
000000209503
000000519533
000000429672
000000151330
000000031519
000000176415
000000060041
000000049478
000000090103
000000306638
000000256087
000000488066
000000487266
000000483723
000000549936
000000240227
000000175256
000000330204
000000527643
000000511430
000000329734
000000435549
000000389283
000000443397
000000008807
000000463684
000000174871
000000554860
000000288075
000000068525
000000078871
000000254599
000000299441
000000062423
000000205986
000000284128
000000574497
000000114317
000000341838
000000339757
000000317725
000000267242
000000521427
000000275954
000000041437
000000092679
000000168239
000000460755
000000056302
000000121142
000000240961
000000335521
000000405648
000000039926
000000352869
000000222686
000000403162
000000194050
000000532495
000000548351
000000175391
000000198404
000000233959
000000577196
000000210467
000000530494
000000075076
000000104426
000000180964
000000231874
000000039768
000000059321
000000274240
000000097078
000000357511
000000238184
000000522269
000000343235
000000355297
000000562388
000000553100
000000160669
000000127405
000000438154
000000179954
000000381854
000000227723
000000509468
000000208413
000000355022
000000123552
000000440037
000000274759
000000264337
000000010008
000000348913
000000483213
000000334648
000000412722
000000205590
000000334850
000000398070
000000416054
000000242677
000000221554
000000305254
000000281246
000000370798
000000369058
000000325693
000000159453
000000519673
000000216790
000000393874
000000184679
000000012946
000000290898
000000427120
000000177496
000000150114
000000084363
000000431788
000000375248
000000163076
000000195267
000000048388
000000373700
000000076595
000000211118
000000244923
000000409117
000000544956
000000143392
000000563129
000000533308
000000504843
000000019060
000000119513
000000027365
000000156204
000000342459
000000541018
000000182801
000000510596
000000539283
000000192809
000000029320
000000203336
000000478766
000000481971
000000238799
000000404983
000000404367
000000442840
000000408719
000000423832
000000034089
000000133329
000000321970
000000216265
000000565683
000000579267
000000567439
000000542035
000000354868
000000454832
000000199127
000000004620
000000229494
000000064704
000000244184
000000004385
000000318471
000000343969
000000398850
000000234988
000000439550
000000092109
000000448969
000000118934
000000130234
000000053465
000000238007
000000352440
000000514099
000000547999
000000269786
000000480914
000000565149
000000015678
000000545959
000000247124
000000459749
000000091644
000000254853
000000214800
000000437173
000000316047
000000089838
000000032455
000000542343
000000448923
000000016823
000000410278
000000103510
000000457667
000000017474
000000052563
000000061315
000000181711
000000172491
000000169211
000000303735
000000123067
000000196747
000000169086
000000413868
000000335940
000000466395
000000471086
000000226654
000000579920
000000551014
000000483469
000000193798
000000518359
000000332613
000000408808
000000466939
000000480464
000000124712
000000210658
000000493926
000000135412
000000580029
000000368024
000000160746
000000198363
000000427163
000000310499
000000522990
000000233688
000000151733
000000047249
000000469844
000000030356
000000392443
000000479102
000000262065
000000337427
000000543332
000000439185
000000072539
000000445295
000000147442
000000043625
000000072810
000000036149
000000373089
000000088168
000000581282
000000437120
000000497103
000000064024
000000113402
000000281976
000000470267
000000175864
000000387576
000000055821
000000510252
000000217327
000000438186
000000572439
000000332953
000000057904
000000574697
000000488918
000000021126
000000254376
000000570175
000000047022
000000152108
000000477780
000000398489
000000021212
000000519916
000000041687
000000517594
000000293276
000000479909
000000147418
000000135806
000000160824
000000201903
000000083691
000000179480
000000237689
000000299862
000000453553
000000051203
000000265557
000000284133
000000029182
000000262262
000000188692
000000264598
000000462065
000000556954
000000082229
000000151352
000000176257
000000463876
000000054260
000000062756
000000132188
000000106382
000000346089
000000108492
000000319903
000000058257
000000468829
000000047886
000000196321
000000077556
000000536553
000000436791
000000107353
000000236769
000000256301
000000175847
000000098054
000000146591
000000282949
000000096809
000000354853
000000001864
000000404852
000000501575
000000099788
000000368702
000000349943
000000139873
000000216674
000000389352
000000326313
000000167189
000000008010
000000535948
000000247984
000000089248
000000176142
000000466784
000000182639
000000284025
000000271829
000000209035
000000318356
000000219679
000000400200
000000101602