000000283213
000000398713
000000472022
000000514049
000000191515
000000341011
000000274526
000000208991
000000081155
000000579591
000000575544
000000528341
000000438453
000000192454
000000342220
000000274599
000000278168
000000417006
000000399752
000000065457
000000022129
000000285570
000000126657
000000013124
000000036331
000000021592
000000418099
000000449921
000000194790
000000322971
000000005303
000000524887
000000161924
000000406665
000000524975
000000526292
000000249658
000000321217
000000138704
000000093724
000000443397
000000218365
000000066328
000000280532
000000565296
000000271490
000000200247
000000475533
000000513758
000000141532
000000283220
000000523543
000000147921
000000170439
000000279596
000000150286
000000348594
000000422183
000000014730
000000461820
000000006488
000000135344
000000112128
000000029116
000000098031
000000484281
000000013717
000000083134
000000046429
000000105865
000000069501
000000084034
000000227402
000000112708
000000315685
000000440496
000000420575
000000373077
000000300326
000000379022
000000356351
000000311715
000000547457
000000020906
000000317424
000000497567
000000045535
000000234343
000000486313
000000399399
000000318445
000000035529
000000556282
000000419053
000000233900
000000060117
000000180160
000000191964
000000513461
000000528788
000000136440
000000117116
000000145748
000000543155
000000310008
000000314667
000000382309
000000457286
000000358066
000000253131
000000460129
000000265168
000000218652
000000580607
000000144313
000000277284
000000328638
000000419276
000000013763
000000260181
000000113097
000000522819
000000094700
000000025134
000000398748
000000411583
000000194806
000000206231
000000102235
000000297967
000000016825
000000221094
000000041377
000000408854
000000264151
000000387244
000000036914
000000507719
000000545651
000000421131
000000177922
000000538005
000000558052
000000156891
000000214518
000000304385
000000211743
000000384559
000000363621
000000417471
000000546203
000000280270
000000510020
000000319868
000000413510
000000271254
000000558013
000000308384
000000346067
000000288421
000000477974
000000142402
000000447231
000000264567
000000389232
000000325014
000000437900
000000429061
000000049862
000000480566
000000341617
000000255375
000000423412
000000359387
000000349475
000000303127
000000185634
000000336629
000000382274
000000152253
000000499867
000000032464
000000221247
000000173579
000000097743
000000429505
000000313567
000000179122
000000321737
000000337882
000000237271
000000012181
000000023584
000000521003
000000120018
000000294008
000000508939
000000269890
000000543600
000000531937
000000296897
000000296989
000000044934
000000548109
000000478511
000000535422
000000239492
000000155007
000000474607
000000195815
000000397375
000000080475
000000516620
000000428248
000000057178
000000066676
000000459694
000000108365
000000487688
000000447456
000000353551
000000520114
000000198434
000000241565
000000440486
000000442509
000000535080
000000259029
000000213117
000000503238
000000087685
000000314065
000000214892
000000413466
000000070794
000000183807
000000189101
000000503392
000000478968
000000346425
000000038396
000000145009
000000170731
000000179950
000000463305
000000497125
000000224336
000000211449
000000096097
000000470174
000000167006
000000571455
000000018554
000000399970
000000157020
000000444060
000000141994
000000341271
000000027727
000000170129
000000358242
000000539734
000000142191
000000008494
000000194105
000000415822
000000399349
000000458629
000000447194
000000188757
000000117009
000000355247
000000268774
000000173146
000000511241
000000311331
000000012953
000000468829
000000440610
000000280804
000000241283
000000463803
000000051396
000000447204
000000333081
000000154811
000000446864
000000186586
000000407795
000000434891
000000576010
000000068956
000000193640
000000451535
000000147646
000000564865
000000148176
000000437537
000000507969
000000526514
000000490741
000000266963
000000537289
000000042042
000000177666
000000516948
000000030534
000000023245
000000119953
000000213399
000000304758
000000243839
000000362090
000000135326
000000313593
000000354738
000000262987
000000258283
000000364123
000000308715
000000490044
000000382631
000000259336
000000253658
000000318469
000000089071
000000132838
000000375440
000000361959
000000213455
000000025833
000000114068
000000109502
000000495699
000000561888
000000291260
000000411717
000000237994
000000056442
000000113455
000000147624
000000154420
000000335217
000000281906
000000539481
000000069928
000000501762
000000134502
000000536494
000000250897
000000464415
000000476086
000000295828
000000004700
000000408829
000000391403
000000164908
000000166205
000000246629
000000112996
000000483182
000000279818
000000473060
000000179187
000000371800
000000059654
000000462197
000000527962
000000187495
000000077874
000000250440
000000407274
000000330472
000000523799
000000530163
000000124197
000000031281
000000273688
000000020796
000000289410
000000330186
000000488889
000000534395
000000025748
000000290282
000000200770
000000255216
000000257894
000000376668
000000048917
000000397268
000000495143
000000010239
000000215994
000000580052
000000178512
000000416188
000000321592
000000145912
000000281133
000000555900
000000448425
000000199460
000000581708
000000214290
000000137583
000000535766
000000058861
000000580002
000000403758
000000505156
000000248052
000000104416
000000522423
000000577522
000000266820
000000045628
000000525371
000000333796
000000487575
000000562507
000000092614
000000530085
000000302595
000000088527
000000275161
000000175470
000000214870
000000309086
000000121056
000000085941
000000014536
000000045383
000000086777
000000547635
000000558759
000000162419
000000434066
000000467675
000000511546
000000355124
000000227236
000000283863
000000129771
000000044810
000000550313
000000039553
000000177998
000000317091
000000308576
000000526042
000000126766
000000467978
000000030931
000000195444
000000360329
000000326156
000000379578
000000423776
000000486168
000000121152
000000248932
000000261541
000000019899
000000223648
000000004020
000000501271
000000034828
000000184224
000000454860
000000049151
000000146723
000000364073
000000530117
000000343385
000000093048
000000391401
000000050618
000000269612
000000015818
000000097598
000000556562
000000420303
000000180504
000000526030
000000254291
000000450840
000000142741
000000501004
000000321318
000000405499
000000514006
000000271906
000000200618
000000548933
000000266443
000000319283
000000076985
000000516795
000000459265
000000579170
000000491902
000000545249
000000054874
000000256107
000000229132
000000286181
000000322536
000000198154
000000481129
000000461464
000000299207
000000011034
000000346596
000000014320
000000044943
000000484982
000000257847
000000333613
000000427083
000000042541
000000509971
000000254407
000000262101
000000373492
000000421389
000000339211
000000503643
000000499105
000000308889
000000263276
000000575303
000000496335
000000023343
000000560885
000000195303
000000575644
000000081592
000000565042
000000242278
000000031080
000000036951
000000539862
000000496793
000000398746
000000576343
000000474934
000000285099
000000376456
000000041588
000000314130
000000544001
000000058101
000000110081
000000564183
000000417089
000000219099
000000340420
000000166985
000000290951
000000488547
000000513417
000000066253
000000317857
000000111194
000000021248
000000430686
000000373461
000000113173
000000248862
000000314574
000000306895
000000088640
000000329035
000000438531
000000135566
000000022596
000000209794
000000080554
000000471191
000000410105
000000233575
000000025797
000000427729
000000440771
000000290521
000000299930
000000068036
000000486825
000000465537
000000368602
000000179860
000000424927
000000281038
000000288227
000000191188
000000120966
000000392062
000000189388
000000190645
000000481819
000000296843
000000350852
000000199883
000000382476
000000000025
000000074316
000000244720
000000046508
000000258732
000000092685
000000132336
000000553116
000000437931
000000384780
000000106194
000000061949
000000569538
000000399129
000000353086
000000508836
000000229356
000000110108
000000465554
000000176463
000000543118
000000486362
000000525206
000000432035
000000032176
000000240586
000000549459
000000207889
000000484171
000000498339
000000366782
000000211097
000000497815
000000134844
000000291915
000000343394
000000088815
000000213742
000000092985
000000071599
000000137634
000000499210
000000055689
000000283965
000000047904
000000211254
000000466557
000000481064
000000115566
000000125687
000000579758
000000170885
000000233873
000000461883
000000534954
000000139333
000000382898
000000220821
000000258770
000000129587
000000184330
000000261688
000000517038
000000369593
000000140883
000000165956
000000466664
000000109824
000000350267
000000025816
000000472707
000000536540
000000121219
000000164186
000000260399
000000284843
000000421897
000000296766
000000520873
000000277542
000000210813
000000417846
000000274477
000000302666
000000065896
000000272713
000000335344
000000255004
000000095929
000000468884
000000339705
000000399540
000000426070
000000261360
000000581297
000000229856
000000205232
000000092861
000000024672
000000308338
000000164997
000000451391
000000423172
000000495243
000000070718
000000028671
000000264268
000000283129
000000335481
000000365069
000000534183
000000297921
000000123371
000000205304
000000490198
000000224108
000000027105
000000471455
000000457566
000000072753
000000400538
000000022080
000000402711
000000437630
000000376608
000000268129
000000561590
000000436508
000000439472
000000091051
000000067027
000000441361
000000131539
000000456145
000000217725
000000312841
000000507049
000000379136
000000306931
000000000643
000000425437
000000049191
000000234255
000000054632
000000528951
000000040485
000000029146
000000238427
000000022056
000000181990
000000106636
000000096986
000000358085
000000346121
000000260871
000000045222
000000028782
000000153639
000000501756
000000029473
000000560891
000000107678
000000413360
000000066423
000000098531
000000408815
000000121690
000000034356
000000499364
000000121361
000000537553
000000357493
000000552569
000000144832
000000256908
000000561543
000000473261
000000148004
000000120254
000000539214
000000096402
000000238498
000000255627
000000013195
000000355660
000000337875
000000272160
000000551001
000000079968
000000391374
000000271576
000000399214
000000460897
000000261742
000000231889
000000018666
000000092415
000000366956
000000106352
000000304447
000000381944
000000280132
000000205846
000000134454
000000171885
000000493435
000000246287
000000295068
000000166323
000000067982
000000349044
000000537097
000000213854
000000025743
000000488768
000000419785
000000356182
000000373325
000000427901
000000513406
000000463571
000000534716
000000261273
000000102459
000000489476
000000456204
000000473466
000000262901
000000524062
000000338276
000000543531
000000432994
000000197886
000000360271
000000212292
000000428485
000000386694
000000324870
000000327352
000000576239
000000524525
000000429131
000000127945
000000136561
000000244406
000000479391
000000117527
000000375680
000000070813
000000022180
000000560819
000000445433
000000192403
000000362839
000000406445
000000575395
000000418229
000000533293
000000523729
000000321701
000000451493
000000366677
000000412571
000000514131
000000176279
000000091948
000000033441
000000381630
000000037563
000000577858
000000353370
000000086512
000000112093
000000537081
000000255470
000000050256
000000539089
000000181756
000000218017
000000189547
000000578418
000000245523
000000383329
000000419544
000000066543
000000477566
000000188831
000000198610
000000506628
000000047189
000000302469
000000301754
000000339358
000000191850
000000321717
000000247351
000000496541
000000233292
000000458876
000000281358
000000532015
000000075881
000000168607
000000130705
000000068445
000000461336
000000059547
000000226368
000000082568
000000179770
000000343863
000000203969
000000425151
000000097040
000000043477
000000236985
000000209704
000000296858
000000253969
000000012897