000000177254
000000210467
000000468760
000000482382
000000575018
000000568440
000000206705
000000316826
000000562930
000000318594
000000128405
000000079247
000000066866
000000530433
000000236010
000000306926
000000455040
000000485752
000000491453
000000302767
000000435328
000000390671
000000174304
000000310753
000000094145
000000450355
000000032948
000000456658
000000363191
000000202774
000000234839
000000485139
000000435681
000000329245
000000240147
000000077137
000000383185
000000183114
000000578521
000000239208
000000037748
000000511324
000000493552
000000290875
000000296706
000000032724
000000440694
000000238212
000000283748
000000308350
000000088768
000000473103
000000278171
000000142454
000000267825
000000450774
000000046753
000000041366
000000474356
000000381106
000000477179
000000313727
000000103730
000000554743
000000035672
000000411291
000000555920
000000256662
000000438301
000000480344
000000436695
000000003103
000000131696
000000401826
000000379630
000000212429
000000222309
000000181359
000000015274
000000410229
000000423718
000000378911
000000459487
000000298008
000000542814
000000520208
000000507249
000000542662
000000541113
000000547039
000000423620
000000129314
000000051310
000000300170
000000093391
000000156282
000000044151
000000260883
000000297180
000000521982
000000051800
000000525899
000000348648
000000567858
000000151566
000000211609
000000091796
000000393108
000000255550
000000000009
000000354424
000000518907
000000245409
000000518365
000000150769
000000362301
000000126833
000000202128
000000344415
000000505010
000000194885
000000459347
000000238029
000000267457
000000358642
000000173644
000000496064
000000145502
000000117026
000000408705
000000426414
000000036207
000000314907
000000024815
000000420827
000000312216
000000097659
000000132297
000000445723
000000341011
000000447911
000000294545
000000228580
000000205911
000000289883
000000125291
000000092377
000000227003
000000488965
000000141538
000000185328
000000477016
000000070527
000000271235
000000265303
000000405582
000000522489
000000543233
000000382670
000000255827
000000436759
000000260882
000000329762
000000226211
000000094610
000000017311
000000389480
000000211002
000000542694
000000125244
000000477946
000000072708
000000142246
000000328427
000000274474
000000578023
000000272481
000000081001
000000231991
000000379158
000000333181
000000173776
000000143401
000000183617
000000161013
000000438492
000000260321
000000564865
000000008676
000000113598
000000290285
000000480317
000000371514
000000320872
000000391857
000000182620
000000038850
000000241867
000000545370
000000008027
000000436392
000000134144
000000406268
000000324616
000000325768
000000410739
000000255950
000000219407
000000537543
000000043719
000000027626
000000286671
000000569234
000000347407
000000261702
000000092761
000000477434
000000556886
000000478055
000000007023
000000448529
000000225505
000000397375
000000028317
000000555358
000000562632
000000405278
000000565203
000000132527
000000364525
000000525636
000000143516